critter 1
    (1,4,-1760) -> (0,36)
    (1,2,-32097) -> (0,3)
    (1,3,27982) -> (0,13)
    (1,2,-22336) -> (0,13)
    (1,4,-27421) -> (0,10)
    (1,0,16338) -> (0,0)
    (1,2,-5072) -> (0,0)
    (1,2,2537) -> (0,9)
    (1,0,20077) -> (0,17)
    (1,1,32397) -> (0,10)
critter 2
    (1,4,-1760) -> (2,4)
    (1,2,-32097) -> (2,3)
    (1,3,27982) -> (2,13)
    (1,2,-22336) -> (2,13)
    (1,4,-27421) -> (2,10)
    (1,0,16338) -> (0,0)
    (1,2,-5072) -> (0,0)
    (1,2,2537) -> (2,9)
    (1,0,20077) -> (2,17)
    (1,1,32397) -> (2,10)
critter 3
    (1,1,-29738) -> (2,12)
    (1,3,7439) -> (0,0)
    (1,2,21175) -> (0,0)
    (1,3,-14059) -> (0,1)
    (0,0,-5370) -> (2,14)
    (1,3,24780) -> (2,6)
    (1,1,1839) -> (2,5)
    (0,0,-22604) -> (2,4)
    (0,0,15166) -> (0,0)
    (1,0,1594) -> (2,14)
critter 4
    (0,1,32144) -> (2,6)
    (1,2,3066) -> (2,13)
    (1,4,5519) -> (0,1)
    (1,3,32280) -> (2,14)
    (1,0,6435) -> (2,1)
    (0,1,7085) -> (0,1)
    (1,0,26376) -> (2,7)
    (1,1,19063) -> (2,3)
    (0,0,26162) -> (2,4)
    (0,0,5592) -> (2,10)
critter 5
    (1,4,7556) -> (0,1)
    (0,1,20078) -> (2,10)
    (1,2,12562) -> (2,17)
    (1,0,-16414) -> (2,11)
    (0,1,9719) -> (0,1)
    (1,3,31509) -> (2,16)
    (1,0,-4535) -> (2,11)
    (1,2,3698) -> (2,9)
    (0,0,9589) -> (0,1)
    (0,1,-25259) -> (2,6)
